%YAML:1.0
calibration_time: "Sun Sep 16 13:42:13 2012"
nframes: 10
image_width: 480
image_height: 640
board_width: 9
board_height: 6
square_size: 2.5000000372529030e-02
flags: 0
camera_matrix: !!opencv-matrix
   rows: 3
   cols: 3
   dt: d
   data: [ 6.0943878738216733e+02, 0., 2.3836573922263648e+02, 0.,
       6.3110660485847882e+02, 3.1691363283111394e+02, 0., 0., 1. ]
distortion_coefficients: !!opencv-matrix
   rows: 5
   cols: 1
   dt: d
   data: [ 2.5728870787336083e-01, -1.7978364822753834e+00,
       -2.6256913147800987e-02, -2.7050014358350190e-03,
       1.0957465349242753e+01 ]
avg_reprojection_error: 1.4588796032062187e-01
per_view_reprojection_errors: !!opencv-matrix
   rows: 10
   cols: 1
   dt: f
   data: [ 1.36061504e-01, 1.31990060e-01, 1.51558235e-01,
       1.46592364e-01, 1.70072898e-01, 1.53185800e-01, 1.57978877e-01,
       1.36846900e-01, 1.46717444e-01, 1.21813610e-01 ]
# a set of 6-tuples (rotation vector + translation vector) for each view
extrinsic_parameters: !!opencv-matrix
   rows: 10
   cols: 6
   dt: d
   data: [ -2.6667038252830227e-01, 5.7625735703972247e-01,
       1.9917847469720886e+00, 1.1718590929772273e-01,
       -5.6789677749672196e-02, 6.1700938287854068e-01,
       -2.3744161643368963e-01, 6.3193426445610767e-01,
       2.1479247869499054e+00, 1.2240099079293887e-01,
       -1.9894317816789988e-02, 6.1843051898402346e-01,
       -3.4858559156779878e-01, -5.5058553131959387e-01,
       -2.1201233164313038e+00, 3.5716816756007588e-02,
       7.7625961548732803e-02, 5.0912002753795493e-01,
       -5.7856303950794019e-01, -1.7337750307301605e-01,
       -5.1895002660021750e-01, -6.9268827737913721e-02,
       5.7129874237019564e-03, 5.9922273997603470e-01,
       -5.2663401645350350e-01, -8.7949704985073509e-03,
       -6.6966704134374139e-02, -1.1587942377734235e-01,
       -4.5738506558517251e-02, 6.6547507278420726e-01,
       -5.0143062643454428e-01, 4.6505796012731193e-02,
       2.2337763581002663e-02, -1.0447163574395822e-01,
       -5.7676330234657326e-02, 6.8587210222765704e-01,
       -5.0919048331420658e-01, 1.2281926331219993e-01,
       2.5938563962177225e-01, -6.3516019498056769e-02,
       -4.6062989461302647e-02, 7.2639620208353561e-01,
       -5.0393213593960040e-01, 1.2887749620991923e-01,
       3.7057252015302311e-01, -5.9102480475806934e-02,
       -5.8230669136990335e-02, 7.3534437524537943e-01,
       -4.6072014568855685e-01, 1.4514041806008024e-01,
       5.0651708953886776e-01, -5.3752415835776592e-02,
       -9.4167632034474147e-02, 7.3937669177215548e-01,
       -4.3641668196115552e-01, 1.6368009982709697e-01,
       5.8581243431533114e-01, -5.1595150528257340e-02,
       -1.0203345086653406e-01, 7.3676891951282097e-01 ]
