%YAML:1.0
calibration_time: "Sat Oct  6 15:28:30 2012"
nframes: 18
image_width: 640
image_height: 480
board_width: 9
board_height: 6
square_size: 2.5000000372529030e-02
# flags: +fix_principal_point
flags: 4
camera_matrix: !!opencv-matrix
   rows: 3
   cols: 3
   dt: d
   data: [ 6.0418678406176036e+02, 0., 3.1950000000000000e+02, 0.,
       6.0443273831222780e+02, 2.3950000000000000e+02, 0., 0., 1. ]
distortion_coefficients: !!opencv-matrix
   rows: 5
   cols: 1
   dt: d
   data: [ 2.2597992055155192e-01, -2.5580177537013871e-01,
       3.7460743814130846e-03, -1.8825245194171306e-03,
       -1.3393199333410244e+00 ]
avg_reprojection_error: 2.3196728319845319e-01
per_view_reprojection_errors: !!opencv-matrix
   rows: 18
   cols: 1
   dt: f
   data: [ 1.78740993e-01, 1.89549208e-01, 1.86944053e-01,
       2.11932451e-01, 2.38286704e-01, 2.75944829e-01, 2.00948089e-01,
       2.19879165e-01, 2.52156049e-01, 2.32082307e-01, 2.90506333e-01,
       2.90013582e-01, 2.40318820e-01, 2.41170868e-01, 2.23214552e-01,
       2.18658507e-01, 2.74923861e-01, 1.55184910e-01 ]
# a set of 6-tuples (rotation vector + translation vector) for each view
extrinsic_parameters: !!opencv-matrix
   rows: 18
   cols: 6
   dt: d
   data: [ -1.3856670509680908e-02, 6.2854699158502560e-03,
       -1.5767367143898761e+00, -2.8502970589707754e-02,
       9.9818221804443344e-02, 4.6072911253235410e-01,
       -4.3486751514579830e-01, 2.3951075396492710e-01,
       -1.8820651134960893e+00, -2.2157620219034110e-02,
       9.8858961270717902e-02, 4.7427662693160672e-01,
       -1.2959651132937275e-01, 4.9018054497761415e-01,
       -8.8186575975757686e-01, -9.6745916721377612e-02,
       5.6506234325980002e-02, 5.1927919957301083e-01,
       3.4665599644165690e-01, 3.4385445421842969e-01,
       -1.0047252244524618e+00, -9.7839105044734143e-02,
       5.0397908567493231e-02, 5.1460807948195841e-01,
       4.6410879627704549e-01, -1.6892566296864403e-01,
       -1.1596489977134634e+00, -5.9635738620084998e-02,
       1.0576203151265486e-01, 4.5885515958671308e-01,
       2.0476587401172067e-01, -5.0303413556707111e-01,
       -8.7179497062920452e-01, -2.6515528452932268e-02,
       1.9232404137678565e-02, 4.2993480619672986e-01,
       -2.9097694052393913e-01, -3.9297610350151607e-01,
       -8.6726228202920819e-01, -2.9201820380389095e-02,
       1.9328290378940560e-03, 4.9771155172853271e-01,
       -8.2128730929408700e-01, 2.8735552782402440e-01,
       -2.4740202599129324e+00, 2.7348669492210324e-02,
       8.8434890708791389e-02, 4.6627655316346750e-01,
       -1.1389705119497744e-01, 7.1981945796585678e-01,
       -6.7910988866646660e-01, -9.8699179263331618e-02,
       4.1062898852437892e-02, 5.2510412456921585e-01,
       -5.2245642985073304e-01, 5.2363229062022620e-01,
       -1.5282741260176484e+00, -3.0485029372557860e-02,
       1.0095108922203141e-01, 5.0440946925074914e-01,
       1.4843875586646560e-01, 2.9535795112028310e-02,
       -2.1627393724877336e-01, -9.3234076919650688e-02,
       -3.0333329523370863e-02, 4.9571276668789305e-01,
       7.5808352291631173e-02, -3.1972171539817251e-01,
       -3.9181461745436758e-01, -2.1745330778963620e-02,
       -5.0109939027020579e-02, 4.8570257989681959e-01,
       3.4781081769866312e-01, 2.4039516105879677e-01,
       3.8692621510580094e-01, -9.8138158318474986e-02,
       -7.2837892202041205e-02, 4.1009100967564271e-01,
       6.3176572665762187e-01, 1.4404512873419101e-01,
       2.4274109261938484e+00, 2.7229797065580028e-02,
       1.0043596694173996e-02, 3.9483694238536549e-01,
       -1.0351623492197380e-01, 4.9247957255560665e-01,
       -5.4881973852340260e-01, -1.2844823107309181e-01,
       2.7030281639131518e-02, 4.7758231583345151e-01,
       2.7752696005357055e-02, 5.6046194707588615e-01,
       -3.0792736772052229e-02, -1.0573587936212785e-01,
       -4.8603070165281349e-02, 4.8858524223356437e-01,
       -7.9068718087965739e-01, 1.8141393356427263e-01,
       -2.6087757081707350e+00, -4.6054308236765817e-02,
       5.9525733579849235e-02, 3.8190520944447465e-01,
       -3.4218145691264051e-01, 7.5882467584651808e-02,
       -2.4932594433767141e+00, 4.5837493001873834e-02,
       9.8445471086694283e-02, 4.3794900016019689e-01 ]
