%YAML:1.0
calibration_time: "Sat Oct  6 15:02:46 2012"
nframes: 10
image_width: 360
image_height: 480
board_width: 9
board_height: 6
square_size: 2.5000000372529030e-02
# flags: +fix_principal_point
flags: 4
camera_matrix: !!opencv-matrix
   rows: 3
   cols: 3
   dt: d
   data: [ 4.4196713098497241e+02, 0., 1.7950000000000000e+02, 0.,
       4.4965204292840940e+02, 2.3950000000000000e+02, 0., 0., 1. ]
distortion_coefficients: !!opencv-matrix
   rows: 5
   cols: 1
   dt: d
   data: [ 1.2065109466211037e-01, 1.9837352032444091e+00,
       -1.9531909465291170e-02, -3.9402688786959574e-03,
       -1.8406438310593803e+01 ]
avg_reprojection_error: 1.7045716567573632e-01
per_view_reprojection_errors: !!opencv-matrix
   rows: 10
   cols: 1
   dt: f
   data: [ 1.65346578e-01, 1.66845515e-01, 2.32910484e-01,
       1.70521587e-01, 1.56067431e-01, 1.69200748e-01, 1.67890325e-01,
       1.45146087e-01, 1.49915487e-01, 1.65346578e-01 ]
# a set of 6-tuples (rotation vector + translation vector) for each view
extrinsic_parameters: !!opencv-matrix
   rows: 10
   cols: 6
   dt: d
   data: [ -3.9893525925714240e-01, -6.4339253978475719e-01,
       -2.2079594129154190e+00, 7.8637064574546209e-03,
       1.2677783320751243e-01, 4.7192462698529841e-01,
       -3.9808665495947226e-01, 3.5268438647507833e-01,
       1.0196668843853725e+00, 3.1207897384510356e-02,
       -7.2417147660674572e-02, 5.9303926282539499e-01,
       -4.0534851303707919e-01, -4.8190213878671395e-01,
       -1.9210868033338959e+00, -1.3097629156055279e-02,
       1.0999092205376730e-01, 5.2385492923230892e-01,
       -4.9065413809388814e-01, 2.8869887947845069e-01,
       9.6353732257731861e-01, 1.7238787885965175e-02,
       -9.9878042202538098e-02, 6.2736555984652276e-01,
       -4.1805568325916359e-01, 3.8511300194024112e-01,
       1.3100598211189984e+00, 5.4850271857893693e-02,
       -1.0707295949077883e-01, 6.5590402838914574e-01,
       -4.1510521478557610e-01, 3.7708120751018931e-01,
       1.3091436938745982e+00, 4.5104938282638944e-02,
       -1.1574468507195827e-01, 6.5505892029408064e-01,
       -3.9953099199571174e-01, 3.7229966020092936e-01,
       1.3267179400117182e+00, 4.7432353897891751e-02,
       -1.2591589642026063e-01, 6.5183827002902295e-01,
       -3.9123391115168510e-01, 3.8645712072794375e-01,
       1.3236733680306976e+00, 5.0335567630051758e-02,
       -1.2941990913177068e-01, 6.4870772705062674e-01,
       -3.9966508776085946e-01, 4.1170552556455747e-01,
       1.3528869301189312e+00, 5.4477676645501065e-02,
       -1.1547855346975085e-01, 6.4251022730621021e-01,
       -3.9893525925714235e-01, -6.4339253978475719e-01,
       -2.2079594129154190e+00, 7.8637064574546174e-03,
       1.2677783320751243e-01, 4.7192462698529841e-01 ]
