%YAML:1.0
calibration_time: "Sun Sep 16 14:21:28 2012"
nframes: 18
image_width: 640
image_height: 480
board_width: 9
board_height: 6
square_size: 2.5000000372529030e-02
flags: 0
camera_matrix: !!opencv-matrix
   rows: 3
   cols: 3
   dt: d
   data: [ 6.0838107806767721e+02, 0., 3.1060831055443424e+02, 0.,
       6.0862299514288236e+02, 2.3708121051002607e+02, 0., 0., 1. ]
distortion_coefficients: !!opencv-matrix
   rows: 5
   cols: 1
   dt: d
   data: [ 2.1889391539941197e-01, -8.7606275768088160e-02,
       1.5094562330422090e-03, -8.4665365018427967e-03,
       -2.4701006071163234e+00 ]
avg_reprojection_error: 2.2657125144912404e-01
per_view_reprojection_errors: !!opencv-matrix
   rows: 18
   cols: 1
   dt: f
   data: [ 1.98249161e-01, 1.69063404e-01, 1.67248070e-01,
       1.92826077e-01, 2.55559206e-01, 2.92477250e-01, 2.16042101e-01,
       2.13705882e-01, 2.31873259e-01, 2.14144230e-01, 2.71564096e-01,
       3.12369615e-01, 2.36482605e-01, 2.26087928e-01, 1.95342422e-01,
       2.08934784e-01, 2.58148879e-01, 1.46105930e-01 ]
# a set of 6-tuples (rotation vector + translation vector) for each view
extrinsic_parameters: !!opencv-matrix
   rows: 18
   cols: 6
   dt: d
   data: [ -2.5137359097558633e-02, 1.1289221377095019e-02,
       -1.5765256770129181e+00, -2.1692085285172209e-02,
       1.0166403882557083e-01, 4.6365952915261488e-01,
       -4.5051793759802855e-01, 2.4429919274339568e-01,
       -1.8801665194108137e+00, -1.5193120659529286e-02,
       1.0075151189867813e-01, 4.7728970025258410e-01,
       -1.3899797278952500e-01, 5.0154440446193005e-01,
       -8.8269143931806449e-01, -8.9103360152782765e-02,
       5.8608120474478498e-02, 5.2348636349883004e-01,
       3.3721524111295970e-01, 3.5467172882140219e-01,
       -1.0081878554094172e+00, -9.0269495341665881e-02,
       5.2453195430230283e-02, 5.1883081292769107e-01,
       4.5298017648224476e-01, -1.5923589315654701e-01,
       -1.1624966622677246e+00, -5.2809601923522929e-02,
       1.0765566316290097e-01, 4.6249107727316069e-01,
       1.9464861620947382e-01, -4.9142173962345365e-01,
       -8.7104703751467316e-01, -2.0130352376586301e-02,
       2.0927143325183327e-02, 4.3379531948981020e-01,
       -3.0206436404567938e-01, -3.8213915039237450e-01,
       -8.6341893378925505e-01, -2.1847052310319082e-02,
       3.8825878487569196e-03, 5.0176435691947852e-01,
       -8.4085378319295001e-01, 2.8725715589714901e-01,
       -2.4703279431010903e+00, 3.4217620565882838e-02,
       9.0302375409448132e-02, 4.6872437425744262e-01,
       -1.2204439515010036e-01, 7.3251167508662862e-01,
       -6.8061260132563384e-01, -9.0948146221247056e-02,
       4.3177596121471942e-02, 5.2922167806984510e-01,
       -5.3639106423072425e-01, 5.3136108008245841e-01,
       -1.5268327789356895e+00, -2.3057830862578895e-02,
       1.0296970003122431e-01, 5.0761667454943460e-01,
       1.4522338325941672e-01, 4.0395160019856102e-02,
       -2.1732251751053741e-01, -8.5914060627504590e-02,
       -2.8301793341824793e-02, 4.9999508106862739e-01,
       6.9072347435367457e-02, -3.0494377441800347e-01,
       -3.9071603393392901e-01, -1.4532534299203486e-02,
       -4.8214103164677891e-02, 4.9021587478448553e-01,
       3.4743359117957406e-01, 2.5447851646919006e-01,
       3.8358703051785725e-01, -9.2141603502248759e-02,
       -7.1147265003564233e-02, 4.1426828405942906e-01,
       6.4838943902570478e-01, 1.5503173498549297e-01,
       2.4216738593300606e+00, 3.3045250638906988e-02,
       1.1594938362137991e-02, 3.9681431199713146e-01,
       -1.1101137891716591e-01, 5.0533896960979974e-01,
       -5.4983749963963779e-01, -1.2141371638239692e-01,
       2.9006984068296982e-02, 4.8195351625145388e-01,
       2.3848402454589659e-02, 5.7450728122122297e-01,
       -3.2314763548721551e-02, -9.8566116230705075e-02,
       -4.6620002208749997e-02, 4.9306279305800710e-01,
       -8.1327030507526976e-01, 1.7903582673717663e-01,
       -2.6043174978165102e+00, -4.0437839616166892e-02,
       6.1067250175451324e-02, 3.8430674208944138e-01,
       -3.5913575293401717e-01, 7.5551737753586409e-02,
       -2.4916019308482662e+00, 5.2310706891559554e-02,
       1.0020557428841335e-01, 4.4005033780548225e-01 ]
