%YAML:1.0
calibration_time: "Sat Oct  6 15:06:32 2012"
nframes: 10
image_width: 480
image_height: 640
board_width: 9
board_height: 6
square_size: 2.5000000372529030e-02
# flags: +fix_principal_point
flags: 4
camera_matrix: !!opencv-matrix
   rows: 3
   cols: 3
   dt: d
   data: [ 5.9723058473831406e+02, 0., 2.3950000000000000e+02, 0.,
       6.1501168591551084e+02, 3.1950000000000000e+02, 0., 0., 1. ]
distortion_coefficients: !!opencv-matrix
   rows: 5
   cols: 1
   dt: d
   data: [ 2.7939126848009921e-01, -2.5295275755671547e+00,
       -2.5193720300486413e-02, -1.3753143373683864e-03,
       1.5853390622363785e+01 ]
avg_reprojection_error: 1.4543879166549553e-01
per_view_reprojection_errors: !!opencv-matrix
   rows: 10
   cols: 1
   dt: f
   data: [ 1.48002893e-01, 1.46580473e-01, 1.65254757e-01,
       1.61362574e-01, 1.62372842e-01, 1.34476557e-01, 1.40426725e-01,
       1.19317956e-01, 1.27743244e-01, 1.41644105e-01 ]
# a set of 6-tuples (rotation vector + translation vector) for each view
extrinsic_parameters: !!opencv-matrix
   rows: 10
   cols: 6
   dt: d
   data: [ -3.4011130753514845e-01, -5.3724849848470524e-01,
       -2.1235813231839340e+00, 3.4770580053327706e-02,
       7.5930823264531114e-02, 4.9948034063140961e-01,
       -5.6644127535330568e-01, -1.7174173129118273e-01,
       -5.2014700182293783e-01, -7.0389341240765110e-02,
       3.2814480550193239e-03, 5.8743556767067384e-01,
       -5.1356002400511302e-01, -9.6157013020829289e-03,
       -6.7525726346213344e-02, -1.1712387285159880e-01,
       -4.8692608861935660e-02, 6.5221222763153752e-01,
       -4.8806876578875580e-01, 4.5488882713063492e-02,
       2.1926389658639110e-02, -1.0576129025914373e-01,
       -6.0772295338032911e-02, 6.7224279069118076e-01,
       -4.9578256397907000e-01, 1.2053181259887448e-01,
       2.5919893893430651e-01, -6.4888293865234467e-02,
       -4.9284233420034129e-02, 7.1210661574504530e-01,
       -4.9061443712954433e-01, 1.2550877173422029e-01,
       3.7054266067178460e-01, -6.0479717279399901e-02,
       -6.1554233198676041e-02, 7.2077512010364619e-01,
       -4.4717317695808090e-01, 1.4057127797819913e-01,
       5.0669167233567836e-01, -5.5124609535553919e-02,
       -9.7671684472178055e-02, 7.2450862953359663e-01,
       -4.2273265880221400e-01, 1.5871817420126549e-01,
       5.8612360123176932e-01, -5.2955133064764723e-02,
       -1.0555169312332438e-01, 7.2183134420588912e-01,
       -4.0929164136119955e-01, 1.6894447145874422e-01,
       6.6072486423151167e-01, -4.0168894569813957e-02,
       -1.0626783694884402e-01, 7.1372910834873204e-01,
       -3.7054407348879087e-01, 1.8302728462485673e-01,
       7.7164363953807946e-01, -2.9277541152629309e-02,
       -1.1349739664013139e-01, 7.0275336399483412e-01 ]
