%YAML:1.0
calibration_time: "Sun Sep 16 13:55:49 2012"
nframes: 10
image_width: 720
image_height: 1280
board_width: 9
board_height: 6
square_size: 2.5000000372529030e-02
flags: 0
camera_matrix: !!opencv-matrix
   rows: 3
   cols: 3
   dt: d
   data: [ 1.3699242356398829e+03, 0., 3.6401244980278830e+02, 0.,
       1.4516128497474888e+03, 6.3984181501804687e+02, 0., 0., 1. ]
distortion_coefficients: !!opencv-matrix
   rows: 5
   cols: 1
   dt: d
   data: [ 4.2619260767181821e-01, -7.3877690954345994e+00,
       -3.7302600938117693e-02, -7.7682100127585488e-03,
       7.2247535159764453e+01 ]
avg_reprojection_error: 2.7763107339515058e-01
per_view_reprojection_errors: !!opencv-matrix
   rows: 10
   cols: 1
   dt: f
   data: [ 2.96740770e-01, 2.89071023e-01, 2.51005203e-01,
       2.69481838e-01, 2.70863861e-01, 2.44371235e-01, 3.06627125e-01,
       2.78777331e-01, 2.62644976e-01, 2.99574703e-01 ]
# a set of 6-tuples (rotation vector + translation vector) for each view
extrinsic_parameters: !!opencv-matrix
   rows: 10
   cols: 6
   dt: d
   data: [ -4.3298401443619744e-01, -6.7717138288221412e-01,
       -2.0211582657925695e+00, 4.0970471167672530e-02,
       9.3402791988224071e-02, 6.8803259013476870e-01,
       -4.5898643811850215e-01, -6.6179828009316133e-01,
       -1.9572967298733803e+00, 2.6282895921225135e-02,
       9.7892543390142348e-02, 6.8443471115370724e-01,
       -5.0157359990283856e-01, -5.7111195304224605e-01,
       -1.7456044509859261e+00, -3.1405786562481609e-04,
       8.5076825008135473e-02, 7.0101917826760618e-01,
       -5.5516633981419583e-01, -4.9701653433789011e-01,
       -1.4234810890568994e+00, -2.2558350156129746e-02,
       6.2346768153009824e-02, 7.2703132736541443e-01,
       -5.6005941383706170e-01, -4.6829538119887493e-01,
       -1.3196369545143680e+00, -2.9877584247404266e-02,
       4.3999797883895575e-02, 7.2940598272751767e-01,
       -5.6526017212092472e-01, -4.3632321282119807e-01,
       -1.2499624379710585e+00, -3.4945059585588654e-02,
       3.4467986476682713e-02, 7.2768619494075426e-01,
       -5.8061047329598758e-01, -4.0514551812340910e-01,
       -1.1887815096001715e+00, -3.4554282490806235e-02,
       3.2903635016037019e-02, 7.2476909165019998e-01,
       -5.8353742104951434e-01, -3.9663185910968440e-01,
       -1.1126271906839789e+00, -3.6793954352220701e-02,
       3.7728473285655914e-02, 7.2258535217519249e-01,
       -5.9391626896869432e-01, -3.5767116158496415e-01,
       -1.0350390049568396e+00, -3.7881528085022709e-02,
       2.9447621802515440e-02, 7.2075191749613288e-01,
       -6.0815284382158830e-01, -3.3915731561351958e-01,
       -9.8847370661697920e-01, -5.3408016549306471e-02,
       3.3804805315933308e-02, 7.1903877184385712e-01 ]
