%YAML:1.0
calibration_time: "Fri Oct  5 18:48:42 2012"
nframes: 10
image_width: 288
image_height: 352
board_width: 9
board_height: 6
square_size: 2.5000000372529030e-02
# flags: +fix_principal_point
flags: 4
camera_matrix: !!opencv-matrix
   rows: 3
   cols: 3
   dt: d
   data: [ 3.5237493026054341e+02, 0., 1.4350000000000000e+02, 0.,
       3.5287076710985889e+02, 1.7550000000000000e+02, 0., 0., 1. ]
distortion_coefficients: !!opencv-matrix
   rows: 5
   cols: 1
   dt: d
   data: [ 1.7647950555651720e-01, -2.4878406071902906e-01,
       -3.6397819235581301e-03, -3.9271330675286868e-03,
       -9.4027999103772963e-01 ]
avg_reprojection_error: 2.1105402467995371e-01
per_view_reprojection_errors: !!opencv-matrix
   rows: 10
   cols: 1
   dt: f
   data: [ 1.39786154e-01, 1.28645167e-01, 1.47866234e-01,
       1.88086495e-01, 1.65550575e-01, 1.68952286e-01, 2.54401058e-01,
       3.65126401e-01, 2.63041496e-01, 1.70080617e-01 ]
# a set of 6-tuples (rotation vector + translation vector) for each view
extrinsic_parameters: !!opencv-matrix
   rows: 10
   cols: 6
   dt: d
   data: [ -8.2934928740544367e-02, 3.6040971393205701e-01,
       1.9163315218573636e+00, 1.0995325033825827e-01,
       -1.0540105765269921e-01, 4.7118667147137500e-01,
       2.1767884717000832e-01, 9.0749463538232794e-02,
       1.9425869241238558e+00, 5.5522222954358436e-02,
       -6.2559891086850394e-02, 4.3801716862586038e-01,
       8.5580796896344638e-02, -2.9460925346417871e-01,
       1.7372598307453275e+00, 3.0682086931573673e-02,
       -8.6616747446999640e-02, 4.2995197647422939e-01,
       -3.2702827173134308e-01, 1.9954444998454449e-02,
       1.7131573920551746e+00, 1.4821815448523284e-01,
       -6.2595613061124308e-02, 4.9420435829620663e-01,
       -1.4339009181135751e-01, 3.6129932254050129e-01,
       1.6509884823090326e+00, 8.2053719819294213e-02,
       -1.0585180913106562e-01, 4.8722060065515149e-01,
       1.6260074188562570e-01, 3.3218785126714628e-01,
       2.1279470031199406e+00, 5.4036176201590860e-02,
       -5.6800728662792815e-02, 4.3910746684077384e-01,
       6.3527924650667492e-02, -1.2600446755367953e-02,
       1.5777975851117148e+00, 6.4938718369586326e-02,
       -9.2028336378308248e-02, 4.0812854219444705e-01,
       -1.5854584033960112e-01, 1.9984940995009534e-01,
       1.5767152094257064e+00, 7.8827563918463253e-02,
       -1.4568536719254052e-01, 6.2327388537521744e-01,
       -1.6987993329182083e-01, 2.4291042266095739e-01,
       2.0242132335734029e+00, 1.2026076709756227e-01,
       -1.1437911051075102e-01, 5.4517390735812976e-01,
       -3.5330321064740661e-01, 2.2070281082214332e-01,
       2.3989956982393754e+00, 1.2411201652754997e-01,
       -1.6849251356655021e-02, 4.3345358933278505e-01 ]
