%YAML:1.0
calibration_time: "Sun Sep 16 14:04:56 2012"
nframes: 10
image_width: 1080
image_height: 1920
board_width: 9
board_height: 6
square_size: 2.5000000372529030e-02
flags: 0
camera_matrix: !!opencv-matrix
   rows: 3
   cols: 3
   dt: d
   data: [ 2.1728742762528846e+03, 0., 5.4350119811686602e+02, 0.,
       2.1730550869736562e+03, 9.7484136332139349e+02, 0., 0., 1. ]
distortion_coefficients: !!opencv-matrix
   rows: 5
   cols: 1
   dt: d
   data: [ -6.9014043330079780e-02, 9.7920265461277118e+00,
       -1.0969637762541493e-02, -2.6528110455280602e-03,
       -1.2369869285704810e+02 ]
avg_reprojection_error: 5.3319481213795716e-01
per_view_reprojection_errors: !!opencv-matrix
   rows: 10
   cols: 1
   dt: f
   data: [ 5.36183834e-01, 4.22488958e-01, 4.54774350e-01,
       6.07388318e-01, 5.08960962e-01, 4.94585216e-01, 5.24298012e-01,
       4.42027569e-01, 7.10939646e-01, 5.67335010e-01 ]
# a set of 6-tuples (rotation vector + translation vector) for each view
extrinsic_parameters: !!opencv-matrix
   rows: 10
   cols: 6
   dt: d
   data: [ -4.8906929900506246e-01, 2.4500896871691935e-01,
       9.5891561623777277e-01, -2.7240809883485664e-02,
       -1.5106338092346339e-01, 7.2423179518676895e-01,
       -5.0003117278884035e-01, 2.4457250644493908e-01,
       9.6199766508967699e-01, -2.5200674606335190e-02,
       -1.4889067835254205e-01, 7.2341227282760545e-01,
       -4.8944123221188462e-01, 2.3087755333925042e-01,
       9.7006150439457239e-01, -2.2089510269507485e-02,
       -1.5222166156392633e-01, 7.2720677336381356e-01,
       -5.0303884150185019e-01, 2.5296308333645912e-01,
       9.6526610886280018e-01, -2.1665469788666694e-02,
       -1.5094124535754669e-01, 7.1993634096221115e-01,
       -5.0027014302504091e-01, 2.3797465238194307e-01,
       9.6960967995072112e-01, -2.4132529736696419e-02,
       -1.5174618589279013e-01, 7.2370300822711697e-01,
       -5.0063777463796932e-01, 2.3277889847243344e-01,
       9.7396381436199009e-01, -2.3429091015527311e-02,
       -1.5443918840697171e-01, 7.2236255656297454e-01,
       -4.8405510536502744e-01, 2.5094353980404521e-01,
       9.6956187623568313e-01, -2.2664671820428157e-02,
       -1.5423083037381416e-01, 7.2638241227985145e-01,
       -4.9755751291077055e-01, 2.5205223810235350e-01,
       9.6741520041267137e-01, -2.3592391839859686e-02,
       -1.5184863984478217e-01, 7.2496273987116844e-01,
       -4.9226425488039471e-01, 2.3345937305360076e-01,
       9.7290026062799839e-01, -2.3279926181844126e-02,
       -1.5427135449156407e-01, 7.3019160628675683e-01,
       -4.7688195327846600e-01, 2.5019917324972624e-01,
       9.6939077732742251e-01, -1.9465752992121176e-02,
       -1.5613430542079756e-01, 7.3110872729904675e-01 ]
