%YAML:1.0
calibration_time: "Sun Sep 16 13:45:54 2012"
nframes: 10
image_width: 360
image_height: 480
board_width: 9
board_height: 6
square_size: 2.5000000372529030e-02
flags: 0
camera_matrix: !!opencv-matrix
   rows: 3
   cols: 3
   dt: d
   data: [ 4.5364281643752662e+02, 0., 1.8255762334310054e+02, 0.,
       4.5678289063460659e+02, 2.2296548937969234e+02, 0., 0., 1. ]
distortion_coefficients: !!opencv-matrix
   rows: 5
   cols: 1
   dt: d
   data: [ 1.7537012227055074e-01, 4.3771881528128653e-01,
       -2.5877934632447315e-02, -8.5821219930251223e-04,
       -4.9797434723229541e+00 ]
avg_reprojection_error: 1.7005736486787501e-01
per_view_reprojection_errors: !!opencv-matrix
   rows: 10
   cols: 1
   dt: f
   data: [ 1.64969951e-01, 1.67618081e-01, 2.31977761e-01,
       1.70143589e-01, 1.56419531e-01, 1.68203130e-01, 1.67233884e-01,
       1.44831255e-01, 1.49009839e-01, 1.64969951e-01 ]
# a set of 6-tuples (rotation vector + translation vector) for each view
extrinsic_parameters: !!opencv-matrix
   rows: 10
   cols: 6
   dt: d
   data: [ -4.0447399494931274e-01, -6.6508701278000737e-01,
       -2.2064794965795884e+00, 4.5348041825668669e-03,
       1.4602065212077434e-01, 4.8371814193753676e-01,
       -4.0925031826771657e-01, 3.5891546156122578e-01,
       1.0148377235439903e+00, 2.7099596242928424e-02,
       -5.1338522597889513e-02, 6.0775179023291603e-01,
       -4.1156594503269883e-01, -4.9782069969699050e-01,
       -1.9212277814853875e+00, -1.6763597642489286e-02,
       1.3095628377439122e-01, 5.3695043726890368e-01,
       -5.0639266029098995e-01, 2.9120978603414871e-01,
       9.5996715991804926e-01, 1.2919428449520817e-02,
       -7.7905598706938722e-02, 6.4311850094573575e-01,
       -4.3208610727313335e-01, 3.9042963244966056e-01,
       1.3058257832394662e+00, 5.0316370486614810e-02,
       -8.4142403576002181e-02, 6.7256509670805253e-01,
       -4.2898222097863664e-01, 3.8196717040987199e-01,
       1.3050564665300732e+00, 4.0575763394391645e-02,
       -9.2962657378787256e-02, 6.7163397311132600e-01,
       -4.1261419299363133e-01, 3.7688145394859845e-01,
       1.3227380577140564e+00, 4.2919604532424466e-02,
       -1.0339246388558640e-01, 6.6827995987956235e-01,
       -4.0391186546520369e-01, 3.9180839092423125e-01,
       1.3193238714816575e+00, 4.5837327089402517e-02,
       -1.0705897042662217e-01, 6.6504755763817525e-01,
       -4.1315999531425768e-01, 4.1810246739352064e-01,
       1.3481743179152959e+00, 5.0026781726087273e-02,
       -9.3157500348021879e-02, 6.5878719248610118e-01,
       -4.0447399494931252e-01, -6.6508701278000781e-01,
       -2.2064794965795880e+00, 4.5348041825668730e-03,
       1.4602065212077434e-01, 4.8371814193753671e-01 ]
