%YAML:1.0
calibration_time: "Sun Sep 16 14:02:44 2012"
nframes: 10
image_width: 1080
image_height: 1920
board_width: 9
board_height: 6
square_size: 2.5000000372529030e-02
flags: 0
camera_matrix: !!opencv-matrix
   rows: 3
   cols: 3
   dt: d
   data: [ 2.5278141323256054e+03, 0., 5.3550194455460473e+02, 0.,
       2.8924294057399252e+03, 9.8121336947794521e+02, 0., 0., 1. ]
distortion_coefficients: !!opencv-matrix
   rows: 5
   cols: 1
   dt: d
   data: [ -1.6770499566630909e-01, 7.5637030139300556e+00,
       -4.4565018895948549e-02, -5.7618330769118259e-03,
       2.6037003068872679e+02 ]
avg_reprojection_error: 9.4437276397731007e-01
per_view_reprojection_errors: !!opencv-matrix
   rows: 10
   cols: 1
   dt: f
   data: [ 7.30489373e-01, 1.05106306e+00, 2.30030441e+00,
       5.63382208e-01, 7.08760560e-01, 4.40145344e-01, 4.22755331e-01,
       5.82858622e-01, 4.55199003e-01, 4.99529272e-01 ]
# a set of 6-tuples (rotation vector + translation vector) for each view
extrinsic_parameters: !!opencv-matrix
   rows: 10
   cols: 6
   dt: d
   data: [ -6.3081230258942200e-01, 4.2789817364360977e-01,
       1.2882500857993229e+00, 4.2340120871472715e-02,
       -1.2768956526688069e-01, 9.0447897489729501e-01,
       -6.3343795616908338e-01, 4.2953797806150668e-01,
       1.3044701550469213e+00, 4.1759872797524043e-02,
       -1.2395818841668511e-01, 9.0127349350025521e-01,
       -6.1706732050084057e-01, 4.1709327921282818e-01,
       1.3254308986432235e+00, 4.5950263191752848e-02,
       -1.2176966870740623e-01, 9.1973976307802496e-01,
       -6.3140695793516488e-01, 4.3534457963978146e-01,
       1.3469085350644960e+00, 5.4123243754527657e-02,
       -1.1626433504631697e-01, 9.0676765351017186e-01,
       -6.1339444072359983e-01, 4.6840213978301831e-01,
       1.4451181764299266e+00, 7.9659260849516245e-02,
       -1.0420024296660710e-01, 9.0147148476528394e-01,
       -6.1634443144245421e-01, 4.8189131095569321e-01,
       1.4822442164571974e+00, 8.8545673033369229e-02,
       -9.9652039918646448e-02, 8.9506317227581711e-01,
       -6.1090944099297961e-01, 4.9007904364722860e-01,
       1.4933361158987308e+00, 8.9699464043188765e-02,
       -9.8455306490116176e-02, 8.9418908127408969e-01,
       -6.2259338948678777e-01, 4.9549472246923898e-01,
       1.5061507606457314e+00, 8.8946955011759699e-02,
       -9.7182571275324106e-02, 8.8716216713579965e-01,
       -6.1225604078375628e-01, 4.9340088166265922e-01,
       1.5141066643972034e+00, 8.8807902409795303e-02,
       -9.9584479411904847e-02, 8.8852270667437372e-01,
       -6.0202813731730853e-01, 4.9871976587196604e-01,
       1.5241327049871511e+00, 9.1640268347620582e-02,
       -1.0061410063196971e-01, 8.8798296391755838e-01 ]
