%YAML:1.0
calibration_time: "Sat Oct  6 15:26:15 2012"
nframes: 10
image_width: 1080
image_height: 1920
board_width: 9
board_height: 6
square_size: 2.5000000372529030e-02
# flags: +fix_principal_point
flags: 4
camera_matrix: !!opencv-matrix
   rows: 3
   cols: 3
   dt: d
   data: [ 2.6088475753673915e+03, 0., 5.3950000000000000e+02, 0.,
       2.8390390710600132e+03, 9.5950000000000000e+02, 0., 0., 1. ]
distortion_coefficients: !!opencv-matrix
   rows: 5
   cols: 1
   dt: d
   data: [ 1.4193605486646663e-01, 5.5297945015816516e+00,
       -1.9993596187961361e-02, -5.7017949102200422e-03,
       -1.8004162016984097e+02 ]
avg_reprojection_error: 6.5239715835342960e-01
per_view_reprojection_errors: !!opencv-matrix
   rows: 10
   cols: 1
   dt: f
   data: [ 4.44120973e-01, 5.22285461e-01, 4.52975482e-01,
       4.71247375e-01, 5.27671576e-01, 4.36836839e-01, 1.12764585e+00,
       1.10883939e+00, 4.55346256e-01, 4.25699592e-01 ]
# a set of 6-tuples (rotation vector + translation vector) for each view
extrinsic_parameters: !!opencv-matrix
   rows: 10
   cols: 6
   dt: d
   data: [ -6.1453209426344713e-01, 3.6193114920661634e-01,
       1.0081137045814377e+00, 8.7309760872459150e-03,
       -1.2150241590674117e-01, 8.7957370184705597e-01,
       -6.2295850559983623e-01, 3.6715395565011166e-01,
       1.0090438772201487e+00, 6.9072005470258635e-03,
       -1.2027689440283941e-01, 8.7490165409374954e-01,
       -6.1786302055409836e-01, 3.6225511788903081e-01,
       1.0106271261713160e+00, 4.5444047989460119e-03,
       -1.1993506128877572e-01, 8.8114977229348512e-01,
       -6.2295828334411185e-01, 3.6117623590428327e-01,
       1.0121015348795110e+00, 2.8186802989138364e-03,
       -1.1921151603946484e-01, 8.8027888799487364e-01,
       -6.2459790594580966e-01, 3.4965527198234775e-01,
       1.0164882257381163e+00, 1.9580370918213601e-03,
       -1.1936155494830930e-01, 8.8411412848067494e-01,
       -6.2600174046916091e-01, 3.5178208672384531e-01,
       1.0189661409171955e+00, 1.5950618144873680e-03,
       -1.2085499692072171e-01, 8.8124536417604427e-01,
       -6.2853974451646311e-01, 3.3325139114139801e-01,
       1.0279893294377449e+00, -8.6290914301636600e-05,
       -1.2353566785769289e-01, 8.8554747289727931e-01,
       -6.0415758310309298e-01, 3.3980266643575563e-01,
       1.0327859362601939e+00, 6.3032645820902469e-03,
       -1.2730967932563195e-01, 8.9290409440176144e-01,
       -6.0812759773345604e-01, 3.5003719007798723e-01,
       1.0348263582538955e+00, 9.8404460245245344e-03,
       -1.2691814645920568e-01, 8.8850392777123099e-01,
       -6.1164554324711273e-01, 3.5262464049390990e-01,
       1.0392679206142057e+00, 1.1771826311718019e-02,
       -1.2685589393278754e-01, 8.8629796048420129e-01 ]
