%YAML:1.0
calibration_time: "Sun Sep 16 13:52:34 2012"
nframes: 10
image_width: 288
image_height: 352
board_width: 9
board_height: 6
square_size: 2.5000000372529030e-02
flags: 0
camera_matrix: !!opencv-matrix
   rows: 3
   cols: 3
   dt: d
   data: [ 3.2027001927961197e+02, 0., 1.2603930656676752e+02, 0.,
       7.8648529713443349e+02, 1.1084370236165464e+02, 0., 0., 1. ]
distortion_coefficients: !!opencv-matrix
   rows: 5
   cols: 1
   dt: d
   data: [ -5.9372932410157073e+00, 6.3533343369070671e+01,
       1.5611331766918132e-01, 1.2319019895336342e-01,
       -2.5601747164123583e+02 ]
avg_reprojection_error: 3.4013900580772680e+00
per_view_reprojection_errors: !!opencv-matrix
   rows: 10
   cols: 1
   dt: f
   data: [ 3.33002996e+00, 3.47128344e+00, 3.33002996e+00,
       3.47128344e+00, 3.33002996e+00, 3.47128344e+00, 3.33002996e+00,
       3.47128344e+00, 3.33002996e+00, 3.47128344e+00 ]
# a set of 6-tuples (rotation vector + translation vector) for each view
extrinsic_parameters: !!opencv-matrix
   rows: 10
   cols: 6
   dt: d
   data: [ -9.4584797091528416e-01, -1.1757881285793055e+00,
       -1.5809003625958400e+00, 2.4099480518454088e-02,
       8.0468019694006271e-02, 4.0394738548682035e-01,
       -1.0927640531456695e+00, -1.0413380646022365e+00,
       -1.3514577426353582e+00, 6.6396075009787277e-03,
       5.1944460961668375e-02, 4.5004057205627357e-01,
       -9.4584797091528394e-01, -1.1757881285793059e+00,
       -1.5809003625958400e+00, 2.4099480518454102e-02,
       8.0468019694006257e-02, 4.0394738548682024e-01,
       -1.0927640531456695e+00, -1.0413380646022361e+00,
       -1.3514577426353582e+00, 6.6396075009787225e-03,
       5.1944460961668402e-02, 4.5004057205627385e-01,
       -9.4584797091528439e-01, -1.1757881285793055e+00,
       -1.5809003625958398e+00, 2.4099480518454074e-02,
       8.0468019694006271e-02, 4.0394738548682035e-01,
       -1.0927640531456695e+00, -1.0413380646022363e+00,
       -1.3514577426353584e+00, 6.6396075009787356e-03,
       5.1944460961668409e-02, 4.5004057205627390e-01,
       -9.4584797091528405e-01, -1.1757881285793055e+00,
       -1.5809003625958402e+00, 2.4099480518454126e-02,
       8.0468019694006326e-02, 4.0394738548682063e-01,
       -1.0927640531456695e+00, -1.0413380646022361e+00,
       -1.3514577426353582e+00, 6.6396075009787182e-03,
       5.1944460961668402e-02, 4.5004057205627385e-01,
       -9.4584797091528416e-01, -1.1757881285793053e+00,
       -1.5809003625958398e+00, 2.4099480518454095e-02,
       8.0468019694006312e-02, 4.0394738548682052e-01,
       -1.0927640531456695e+00, -1.0413380646022363e+00,
       -1.3514577426353582e+00, 6.6396075009787243e-03,
       5.1944460961668409e-02, 4.5004057205627379e-01 ]
