%YAML:1.0
calibration_time: "Sat Oct  6 15:20:13 2012"
nframes: 10
image_width: 720
image_height: 1280
board_width: 9
board_height: 6
square_size: 2.5000000372529030e-02
# flags: +fix_principal_point
flags: 4
camera_matrix: !!opencv-matrix
   rows: 3
   cols: 3
   dt: d
   data: [ 1.3729794627469059e+03, 0., 3.5950000000000000e+02, 0.,
       1.4565584626549046e+03, 6.3950000000000000e+02, 0., 0., 1. ]
distortion_coefficients: !!opencv-matrix
   rows: 5
   cols: 1
   dt: d
   data: [ 6.9614920617361131e-02, -3.1586365913491221e+00,
       -3.4571461853843313e-02, 1.0797668140190020e-03,
       1.1086782827457225e+02 ]
avg_reprojection_error: 4.1323771864533071e-01
per_view_reprojection_errors: !!opencv-matrix
   rows: 10
   cols: 1
   dt: f
   data: [ 3.64315003e-01, 5.14060557e-01, 7.53503501e-01,
       4.89877820e-01, 2.83306777e-01, 2.84037471e-01, 2.96849757e-01,
       2.86450833e-01, 2.77923584e-01, 3.07517856e-01 ]
# a set of 6-tuples (rotation vector + translation vector) for each view
extrinsic_parameters: !!opencv-matrix
   rows: 10
   cols: 6
   dt: d
   data: [ -2.5975719823122906e-01, 7.1862598013553391e-01,
       2.0352753852081973e+00, 1.2065406123136395e-01,
       -3.5708207931473376e-02, 7.0947240868881767e-01,
       -2.4006310315376936e-01, 7.4778485247737070e-01,
       2.0474158111267164e+00, 1.2678404774356908e-01,
       -3.0116420127709070e-02, 7.0666747147222420e-01,
       -2.7098483474709739e-01, 7.6454897792098464e-01,
       2.1107402169103451e+00, 1.2067210249725203e-01,
       -2.5397545849150563e-02, 7.0855803333794387e-01,
       -2.5499513642485522e-01, 7.6926075214840239e-01,
       2.1405944172478240e+00, 1.0721624649147476e-01,
       -2.4797246132018575e-02, 7.1811866389669954e-01,
       -2.1103108575957735e-01, 7.6048968023789865e-01,
       2.2002811920530165e+00, 1.0319575731051309e-01,
       -2.4216514032488753e-02, 7.2729178083915913e-01,
       -1.6164051927306017e-01, 7.8093031212201725e-01,
       2.2800182785597571e+00, 1.2812929012144345e-01,
       -2.4955791850835834e-02, 7.2208308160715928e-01,
       -1.1621904926539940e-01, 8.2367084685114267e-01,
       2.3599773633143020e+00, 1.3865237944514858e-01,
       -1.7138998320979038e-02, 7.0861687692003472e-01,
       -8.7414608895670903e-02, 8.5525913011604549e-01,
       2.4014297475428914e+00, 1.3277301449634110e-01,
       5.7873120683099284e-04, 7.0178602928020750e-01,
       -7.7476964505854437e-02, 8.5276594411608742e-01,
       2.5301325194502762e+00, 1.2641996168817998e-01,
       6.3288114682647023e-03, 7.0283854176772875e-01,
       1.8869888689826732e-02, 9.1385968447164478e-01,
       2.7402722020861834e+00, 1.4066268009628083e-01,
       3.2429754840689690e-02, 6.9624456460504003e-01 ]
